2.005801950753266727e+00 2.040883494871255088e+00 1.854140169014270034e+00
2.030800795434996031e-01 -8.193946746326286057e-03 -1.218626414752890935e-01
1.803267008958028494e+00 2.217072146005295785e+00 2.073172989721244974e+00
1.221478986749153339e+00 7.606492137891466276e-01 7.945538458216595545e-01
1.088044964706629480e+00 1.129212815553815030e+00 1.052382579644689509e+00
-4.017647605619599493e-02 1.940320564841301332e-01 -1.244404687342265253e-01
1.992999519646672990e+00 2.033954654509139370e+00 2.403414083103184939e+00
2.867658657449324799e+00 3.153869687724877302e+00 2.820199021553046581e+00
1.095299948314385798e-02 -8.551628381499427889e-02 2.216066641800803518e-05
2.096274056294856969e+00 2.069622101038714579e+00 1.746740352171704647e+00
2.192589526465351213e+00 1.888129319436760767e+00 2.150939036155536055e+00
1.367992103876520260e-01 2.510624567468209070e-03 -3.954822506697727030e-02
2.035850882814346896e+00 1.992598380842943273e+00 2.168532005311494260e+00
4.798991141340487598e-02 6.175295276312947265e-03 -1.070512307600478136e-01
3.338727584293783135e+00 2.660532952198364498e+00 2.441325958992959677e+00
1.964340199907461448e+00 2.443284108228830576e+00 2.450596292582871705e+00
1.230658623564079290e-02 -7.908370166985488614e-02 6.438942001255325287e-02
1.629985572299352467e-02 1.208623607540430661e-01 5.025207738494366638e-02
1.811218091831149790e+00 2.049650460358690029e+00 2.258826460345722875e+00
4.660833299825033367e-03 1.420198682435304220e-02 -1.653661375474435313e-01
3.059336443542280737e+00 3.141500732370377857e+00 3.364563152623647468e+00
1.141443068333066080e+00 9.126695852558153188e-01 1.158763834414396898e+00
6.389137438966274729e-01 1.086079754929335506e+00 8.865412174380336019e-01
2.817344143882650531e+00 2.954537128551084191e+00 3.053863075392203807e+00
-8.068704963176097367e-02 1.318041891902069773e-01 -5.786386586922540737e-02
2.148638872316557258e+00 2.154994115303290325e+00 1.922123637017377984e+00
2.872254048820503503e+00 3.164954066100428065e+00 2.757832251209117569e+00
2.696533764240865771e+00 2.901825603755650906e+00 2.951863884299465557e+00
2.246046504461285842e+00 2.329820954940540645e+00 1.702813416999860774e+00
2.900019476078677272e+00 3.087283876192158605e+00 2.924837390621811917e+00
-5.463001848739468258e-02 9.605907072577528349e-02 2.112105210230392008e-02
1.969506370428880659e+00 1.739778066898622910e+00 1.945150824109491250e+00
-1.019884177672479297e-01 -2.258236927690625562e-01 6.799548914645005271e-02
3.103273497447581519e+00 2.928952108330779236e+00 3.041755400245444108e+00
2.255094696372067276e+00 2.042194089279782521e+00 2.123967147959770596e+00
2.870410507955679424e+00 3.127178216049366188e+00 3.348023461057035188e+00
-1.273210026441935483e-01 9.200761187944112018e-02 1.054918509251545622e-01
8.525339210538749324e-01 1.171512805505182442e+00 1.189437443581668141e+00
3.086153805899778391e+00 3.308545925097617246e+00 2.819855765716662077e+00
2.901250637218829365e+00 2.924780463129097896e+00 2.966052046072266801e+00
7.927987249731924813e-01 9.732152044356942033e-01 1.076975780729951149e+00
3.065682215193688887e+00 2.900355046704101269e+00 2.581644645291906404e+00
6.638550611981501592e-02 7.494809479112313211e-02 -4.658183722909045588e-02
8.704807873345347113e-01 9.025330784040469512e-01 1.075052776812281730e+00
1.154724098043460184e-01 4.226088086555059714e-02 9.992089344118913752e-02
1.543189635095440382e+00 2.138653656849979434e+00 2.324902654600677021e+00
1.187405689529962949e+00 9.098620615014230140e-01 1.186225826314371012e+00
1.943656932064754095e+00 2.303986284705298981e+00 1.808161205371466185e+00
9.987868514439983691e-01 1.261639641269755918e+00 8.696879540389904628e-01
7.792398218360738760e-01 8.872461235606442509e-01 1.096269688198290515e+00
1.798725118537629619e+00 2.200774516201981168e+00 1.975159849787525346e+00
3.483421264694851693e+00 2.638231901962038162e+00 3.067950230476689910e+00
1.213991146000382937e+00 9.757980836692845550e-01 7.934390574433887178e-01
9.622903542818344036e-01 1.140064994425050937e+00 7.348753137994903373e-01
-2.774392705219779973e-02 3.549953387756887152e-03 8.482211645119160093e-02
1.320526017611755698e+00 1.312905553998705344e+00 9.483872077274271284e-01
2.995454047917427420e+00 2.808000584229476182e+00 2.923377115850316788e+00
2.954769869868667964e+00 3.079485768123217060e+00 3.331940723392614156e+00
2.074242083235326994e+00 1.875770993208325521e+00 2.133777871932688086e+00
1.239394379714499950e+00 1.379616810959275464e+00 1.104957927555501707e+00
1.070879382954347925e+00 1.068527524878689627e+00 8.805398331727440908e-01
2.983482451875693720e+00 3.491036530460001508e+00 2.465577999165612155e+00
2.094181606464416312e+00 2.031706158336563206e+00 1.924957201002631457e+00
-1.095539629393466330e-01 2.401342973229558531e-01 -2.799097428503502169e-02
1.837344925090632852e+00 1.665412373929457068e+00 1.829889632050553105e+00
2.972574997924398943e+00 3.259515802416010022e+00 3.135054233486437081e+00
1.784621552304082481e+00 2.316916057792283379e+00 2.077612107276847642e+00
9.478893842205091680e-01 8.320678995998680438e-01 7.040585366695402136e-01
9.880699216118082884e-01 1.182649314603133606e+00 7.818845028060884550e-01
2.293771633256584508e+00 1.999235544156808375e+00 2.211497367426991989e+00
2.468853566994058113e+00 2.988463550244360167e+00 2.868762682777623585e+00
2.997423448650841316e+00 2.924327707158416167e+00 2.903772927424619343e+00
5.402880513425890874e-02 3.090635167190658103e-02 9.708612012765260868e-02
3.277880146472367695e+00 2.868709484494940121e+00 2.988748540824513800e+00
2.899318924614623150e+00 2.859616861341413685e+00 2.605145794975292972e+00
9.718841033554093123e-01 7.417035518435672881e-01 9.050965263589858534e-01
-1.583822109321960381e-01 1.023033487768842953e-01 -6.530174091842277928e-02
1.284387554242410467e-01 5.612770464949026761e-02 2.397255006685036771e-02
1.781402482738019710e+00 1.552705658809692135e+00 1.975302224722317534e+00
6.857742158169461977e-01 1.408595190779795114e+00 1.377996949423334616e+00
5.370451005769651120e-02 -7.977062345967018964e-04 9.247841697802700045e-02
8.205249902652929361e-03 1.395910490846683782e-01 1.081879627862757931e-01
9.650298573065102525e-01 1.213055818609756864e+00 1.247446025568983430e+00
1.203959193944637684e+00 1.172137465234722065e+00 8.535132287830091702e-01
2.024310938224604506e+00 2.350902772525762963e+00 2.159256465988051765e+00
-1.016560925764208589e-01 -2.919983043801404818e-02 1.559358213990692521e-01
8.402676784816272004e-01 6.350425984595260420e-01 8.447893284928842395e-01
2.145078121863289944e+00 2.111085726114266592e+00 2.165949970927871338e+00
1.167056172222705746e+00 8.296159424191094089e-01 7.630117027695471066e-01
8.835202316414317303e-02 -5.301991807039720117e-02 8.141348176344853638e-02
3.000221710942442055e+00 2.942091186149960347e+00 2.776786739387117287e+00
1.765689121818397656e+00 2.028344471922960413e+00 1.862354407294578129e+00
-1.245371445738850807e-01 3.045450966721754624e-02 -5.983804587712514972e-02
1.799540810225625842e+00 1.893477789415738854e+00 2.187205514763304048e+00
7.938496170260191942e-01 8.170229512591746790e-01 8.351584512449400366e-01
9.393098916922884567e-02 -2.408079098745038310e-02 2.708072454227990200e-02
2.815387683429744214e+00 3.383450048431139390e+00 2.969939431639277316e+00
3.006391623393339874e+00 3.183629179259496400e+00 3.076101893288048394e+00
9.281557638441995106e-01 1.001958607381769673e+00 8.420138502013136961e-01
